0
0.01
0.022
0.0364
0.05368
0.074416
0.0992992
0.12915904
0.164990848
0.207989018
0.259586821
0.321504185
0.395805022
0.484966027
0.591959232
0.720351079
0.874421294
1.059305553
1.281166664
1.547399997
1.866879996
2.250255995
2.710307195
3.262368633
3.92484236
4.719810832
5.673772999
6.818527598
8.192233118
9.840679742
11.81881569
14.19257883
17.04109459
20.45931351
24.56117621
29.48341146
35.39009375
42.4781125
50.983735
61.190482
73.4385784
88.13629408
105.7735529
126.9382635
152.3359162
182.8130994
219.3857193
263.2728631
315.9374358
379.1349229
454.9719075
519.0324987
583.0930899
647.1536812
711.2142724
775.2748636
839.3354548
903.3960461
967.4566373
1031.517229
1095.57782
1159.638411
1223.699002
1287.759593
1351.820185
1415.880776
1479.941367
1544.001958
1608.06255
1672.123141
1736.183732
1800.244323
1864.304914
1928.365506
1992.426097
2056.486688
2120.547279
2184.607871
2248.668462
2312.729053
2376.789644
2440.850235
2504.910827
2568.971418
2633.032009
2697.0926
2761.153192
2825.213783
2889.274374
2953.334965
3017.395556
3081.456148
3145.516739
3209.57733
3273.637921
3337.698513
3401.759104
3465.819695
3529.880286
3593.940878
3658.001469
3722.06206
3786.122651
3850.183242
3914.243834
3978.304425
4042.365016
4106.425607
4170.486199
4234.54679
4298.607381
4362.667972
4426.728563
4490.789155
4554.849746
4618.910337
4682.970928
4747.03152
4811.092111
4875.152702
4939.213293
5003.273884
5067.334476
5131.395067
5195.455658
5259.516249
5323.576841
5387.637432
5451.698023
5515.758614
5579.819205
5643.879797
5707.940388
5772.000979
5836.06157
5900.122162
5964.182753
6028.243344
6092.303935
6156.364527
6220.425118
6284.485709
6348.5463
6412.606891
6476.667483
6540.728074
6604.788665
6668.849256
6732.909848
6796.970439
6861.03103
6925.091621
6989.152212
7053.212804
7117.273395
7181.333986
7245.394577
7309.455169
7373.51576
7437.576351
7501.636942
7565.697533
7629.758125
7693.818716
7757.879307
7821.939898
7886.00049
7950.061081
8014.121672
8078.182263
8142.242854
8206.303446
8270.364037
8334.424628
8398.485219
8462.545811
8526.606402
8590.666993
8654.727584
8718.788176
8782.848767
8846.909358
8910.969949
8975.03054
9039.091132
9103.151723
9167.212314
9231.272905
9295.333497
9359.394088
9423.454679
9487.51527
9551.575861
9615.636453
9679.697044
9743.757635
9807.818226
9871.878818
9935.939409
10000